<?xml version="1.0" encoding="utf-8"?>
<COLLADA xmlns="http://www.collada.org/2005/11/COLLADASchema" version="1.4.1">
  <asset>
    <contributor>
      <author>Mixamo</author>
      <authoring_tool>COLLADA Mixamo exporter</authoring_tool>
      <comments/>
    </contributor>
    <created>2023-12-07T22:37:07Z</created>
    <modified>2023-12-07T22:37:07Z</modified>
    <revision/>
    <title/>
    <unit meter="0.010000"/>
    <up_axis>Y_UP</up_axis>
  </asset>
  <library_animations>
    <animation id="mixamorig_Hips-anim" name="mixamorig_Hips">
      <source id="mixamorig_Hips-Matrix-animation-input">
        <float_array id="mixamorig_Hips-Matrix-animation-input-array" count="141">

0.000000 0.033333 0.066667 0.100000 0.133333 0.166667 0.200000 0.233333 0.266667 0.300000 0.333333 0.366667 0.400000 0.433333 0.466667 0.500000
0.533333 0.566667 0.600000 0.633333 0.666667 0.700000 0.733333 0.766667 0.800000 0.833333 0.866667 0.900000 0.933333 0.966667 1.000000 1.033333
1.066667 1.100000 1.133333 1.166667 1.200000 1.233333 1.266667 1.300000 1.333333 1.366667 1.400000 1.433333 1.466667 1.500000 1.533333 1.566667
1.600000 1.633333 1.666667 1.700000 1.733333 1.766667 1.800000 1.833333 1.866667 1.900000 1.933333 1.966667 2.000000 2.033333 2.066667 2.100000
2.133333 2.166667 2.200000 2.233333 2.266667 2.300000 2.333333 2.366667 2.400000 2.433333 2.466667 2.500000 2.533333 2.566667 2.600000 2.633333
2.666667 2.700000 2.733333 2.766667 2.800000 2.833333 2.866667 2.900000 2.933333 2.966667 3.000000 3.033333 3.066667 3.100000 3.133333 3.166667
3.200000 3.233333 3.266667 3.300000 3.333333 3.366667 3.400000 3.433333 3.466667 3.500000 3.533333 3.566667 3.600000 3.633333 3.666667 3.700000
3.733333 3.766667 3.800000 3.833333 3.866667 3.900000 3.933333 3.966667 4.000000 4.033333 4.066667 4.100000 4.133333 4.166667 4.200000 4.233333
4.266667 4.300000 4.333333 4.366667 4.400000 4.433333 4.466667 4.500000 4.533333 4.566667 4.600000 4.633333 4.666667</float_array>
        <technique_common>
          <accessor source="#mixamorig_Hips-Matrix-animation-input-array" count="141">
            <param name="TIME" type="float"/>
          </accessor>
        </technique_common>
      </source>
      <source id="mixamorig_Hips-Matrix-animation-output-transform">
        <float_array id="mixamorig_Hips-Matrix-animation-output-transform-array" count="2256">

0.999820 0.018948 0.000045 -0.000020 -0.018948 0.999811 0.004403 80.532974 0.000038 -0.004403 0.999990 0.000015 0.000000 0.000000 0.000000 1.000000
0.999815 0.019229 0.000056 -0.002185 -0.019230 0.999803 0.004879 80.534348 0.000038 -0.004879 0.999988 0.001695 0.000000 0.000000 0.000000 1.000000
0.999809 0.019524 0.000071 -0.007669 -0.019524 0.999794 0.005599 80.537498 0.000038 -0.005600 0.999984 0.005315 0.000000 0.000000 0.000000 1.000000
0.999803 0.019832 0.000163 -0.017632 -0.019833 0.999783 0.006417 80.543587 -0.000036 -0.006419 0.999979 0.012314 0.000000 0.000000 0.000000 1.000000
0.999799 0.020060 0.000364 -0.032435 -0.020063 0.999773 0.007180 80.554825 -0.000220 -0.007186 0.999974 0.026110 0.000000 0.000000 0.000000 1.000000
0.999798 0.020088 0.000610 -0.050537 -0.020092 0.999767 0.007827 80.571739 -0.000452 -0.007838 0.999969 0.047820 0.000000 0.000000 0.000000 1.000000
0.999798 0.020063 0.000899 -0.072037 -0.020070 0.999763 0.008437 80.592186 -0.000729 -0.008453 0.999964 0.073151 0.000000 0.000000 0.000000 1.000000
0.999799 0.020005 0.001234 -0.099975 -0.020015 0.999758 0.009093 80.618774 -0.001052 -0.009116 0.999958 0.104221 0.000000 0.000000 0.000000 1.000000
0.999810 0.019451 0.001603 -0.138718 -0.019466 0.999765 0.009570 80.668312 -0.001417 -0.009599 0.999953 0.166632 0.000000 0.000000 0.000000 1.000000
0.999850 0.017208 0.002010 -0.179875 -0.017225 0.999810 0.009089 80.765533 -0.001853 -0.009122 0.999957 0.300649 0.000000 0.000000 0.000000 1.000000
0.999919 0.012504 0.002494 -0.197417 -0.012521 0.999898 0.006826 80.917198 -0.002408 -0.006857 0.999974 0.516041 0.000000 0.000000 0.000000 1.000000
0.999980 0.005997 0.002024 -0.160296 -0.006002 0.999979 0.002536 81.100769 -0.002008 -0.002548 0.999995 0.778613 0.000000 0.000000 0.000000 1.000000
0.999999 -0.000701 -0.000976 -0.063850 0.000698 0.999994 -0.003327 81.282661 0.000979 0.003326 0.999994 1.055032 0.000000 0.000000 0.000000 1.000000
0.999955 -0.006307 -0.007090 0.066329 0.006236 0.999930 -0.010074 81.435913 0.007153 0.010029 0.999924 1.343418 0.000000 0.000000 0.000000 1.000000
0.999830 -0.010546 -0.015130 0.201255 0.010289 0.999804 -0.016940 81.548836 0.015306 0.016782 0.999742 1.653923 0.000000 0.000000 0.000000 1.000000
0.999639 -0.013645 -0.023164 0.337430 0.013112 0.999650 -0.022972 81.615623 0.023470 0.022659 0.999468 1.979066 0.000000 0.000000 0.000000 1.000000
0.999423 -0.015845 -0.030034 0.487180 0.015029 0.999517 -0.027187 81.632339 0.030450 0.026720 0.999179 2.301857 0.000000 0.000000 0.000000 1.000000
0.999206 -0.017207 -0.035927 0.651128 0.016160 0.999442 -0.029230 81.598198 0.036410 0.028626 0.998927 2.618775 0.000000 0.000000 0.000000 1.000000
0.998998 -0.017700 -0.041102 0.817188 0.016502 0.999434 -0.029316 81.512024 0.041597 0.028608 0.998725 2.935187 0.000000 0.000000 0.000000 1.000000
0.998831 -0.017265 -0.045140 0.974182 0.016030 0.999491 -0.027565 81.370941 0.045593 0.026809 0.998600 3.250858 0.000000 0.000000 0.000000 1.000000
0.998731 -0.015820 -0.047806 1.112827 0.014703 0.999613 -0.023615 81.180634 0.048161 0.022882 0.998577 3.561032 0.000000 0.000000 0.000000 1.000000
0.998691 -0.013362 -0.049365 1.221787 0.012535 0.999777 -0.017024 80.963928 0.049581 0.016383 0.998636 3.861460 0.000000 0.000000 0.000000 1.000000
0.998706 -0.010146 -0.049839 1.293151 0.009749 0.999919 -0.008221 80.736633 0.049919 0.007725 0.998723 4.142102 0.000000 0.000000 0.000000 1.000000
0.998778 -0.006738 -0.048957 1.327808 0.006797 0.999976 0.001035 80.489822 0.048949 -0.001367 0.998800 4.378179 0.000000 0.000000 0.000000 1.000000
0.998909 -0.003850 -0.046544 1.333553 0.004262 0.999953 0.008754 80.236206 0.046508 -0.008942 0.998878 4.543212 0.000000 0.000000 0.000000 1.000000
0.999097 -0.002232 -0.042439 1.317904 0.002817 0.999902 0.013728 80.068672 0.042405 -0.013835 0.999005 4.623053 0.000000 0.000000 0.000000 1.000000
0.999331 -0.002324 -0.036495 1.280272 0.002901 0.999872 0.015747 80.121025 0.036454 -0.015843 0.999210 4.616094 0.000000 0.000000 0.000000 1.000000
0.999579 -0.004032 -0.028722 1.213909 0.004462 0.999879 0.014901 80.451927 0.028658 -0.015022 0.999476 4.519821 0.000000 0.000000 0.000000 1.000000
0.999791 -0.006870 -0.019247 1.115830 0.007087 0.999912 0.011232 81.003860 0.019168 -0.011366 0.999752 4.328471 0.000000 0.000000 0.000000 1.000000
0.999911 -0.010379 -0.008421 0.991853 0.010419 0.999934 0.004769 81.675758 0.008371 -0.004856 0.999953 4.042030 0.000000 0.000000 0.000000 1.000000
0.999896 -0.014167 0.002827 0.846587 0.014179 0.999890 -0.004241 82.372910 -0.002767 0.004281 0.999987 3.669952 0.000000 0.000000 0.000000 1.000000
0.999753 -0.017710 0.013454 0.672578 0.017910 0.999729 -0.014876 83.015800 -0.013187 0.015113 0.999799 3.228261 0.000000 0.000000 0.000000 1.000000
0.999533 -0.020240 0.022883 0.459928 0.020821 0.999460 -0.025425 83.525887 -0.022356 0.025889 0.999415 2.738405 0.000000 0.000000 0.000000 1.000000
0.999313 -0.020940 0.030581 0.214595 0.021977 0.999181 -0.033987 83.833351 -0.029844 0.034636 0.998954 2.228379 0.000000 0.000000 0.000000 1.000000
0.999180 -0.019406 0.035521 -0.047803 0.020809 0.999001 -0.039545 83.901047 -0.034718 0.040252 0.998586 1.720273 0.000000 0.000000 0.000000 1.000000
0.999195 -0.015725 0.036905 -0.315074 0.017268 0.998974 -0.041875 83.722679 -0.036209 0.042479 0.998441 1.221547 0.000000 0.000000 0.000000 1.000000
0.999316 -0.010193 0.035537 -0.582707 0.011642 0.999099 -0.040816 83.316597 -0.035089 0.041201 0.998535 0.735473 0.000000 0.000000 0.000000 1.000000
0.999418 -0.003014 0.033966 -0.846636 0.004237 0.999343 -0.036002 82.718513 -0.033835 0.036125 0.998774 0.282188 0.000000 0.000000 0.000000 1.000000
0.999348 0.005647 0.035664 -1.103047 -0.004659 0.999604 -0.027738 81.979561 -0.035807 0.027554 0.998979 -0.114730 0.000000 0.000000 0.000000 1.000000
0.998949 0.015266 0.043222 -1.349203 -0.014514 0.999739 -0.017643 81.162857 -0.043480 0.016997 0.998910 -0.464530 0.000000 0.000000 0.000000 1.000000
0.998115 0.024447 0.056297 -1.573988 -0.024027 0.999678 -0.008117 80.359047 -0.056477 0.006749 0.998381 -0.796581 0.000000 0.000000 0.000000 1.000000
0.996964 0.031143 0.071359 -1.751252 -0.031196 0.999513 -0.000379 79.678970 -0.071336 -0.001848 0.997451 -1.090573 0.000000 0.000000 0.000000 1.000000
0.995909 0.033608 0.083882 -1.853458 -0.034221 0.999397 0.005888 79.232391 -0.083633 -0.008735 0.996458 -1.262943 0.000000 0.000000 0.000000 1.000000
0.995335 0.032215 0.090942 -1.885265 -0.033350 0.999383 0.010997 79.065918 -0.090532 -0.013979 0.995795 -1.255070 0.000000 0.000000 0.000000 1.000000
0.995472 0.028953 0.090543 -1.886633 -0.030346 0.999441 0.014042 79.171112 -0.090086 -0.016726 0.995794 -1.077922 0.000000 0.000000 0.000000 1.000000
0.996390 0.025267 0.081048 -1.897123 -0.026481 0.999552 0.013939 79.511292 -0.080659 -0.016035 0.996613 -0.772582 0.000000 0.000000 0.000000 1.000000
0.997797 0.020957 0.062944 -1.919996 -0.021690 0.999704 0.010984 80.044456 -0.062695 -0.012325 0.997957 -0.333428 0.000000 0.000000 0.000000 1.000000
0.999054 0.015541 0.040614 -1.924778 -0.015794 0.999858 0.005906 80.708298 -0.040517 -0.006542 0.999157 0.269252 0.000000 0.000000 0.000000 1.000000
0.999745 0.009167 0.020644 -1.879266 -0.009122 0.999956 -0.002257 81.429344 -0.020663 0.002068 0.999784 1.010905 0.000000 0.000000 0.000000 1.000000
0.999977 0.000010 0.006777 -1.721332 0.000125 0.999803 -0.019869 82.296638 -0.006775 0.019869 0.999780 2.008910 0.000000 0.000000 0.000000 1.000000
0.999933 -0.010543 0.004775 -1.463662 0.010747 0.998930 -0.044979 83.000122 -0.004295 0.045028 0.998977 2.944809 0.000000 0.000000 0.000000 1.000000
0.999737 -0.022326 0.005219 -1.152571 0.022649 0.997059 -0.073210 83.479553 -0.003569 0.073309 0.997303 3.815674 0.000000 0.000000 0.000000 1.000000
0.999438 -0.033518 0.000541 -0.809378 0.033395 0.994096 -0.103242 83.675148 0.002922 0.103202 0.994656 4.701075 0.000000 0.000000 0.000000 1.000000
0.999102 -0.040579 -0.012155 -0.403776 0.038551 0.989942 -0.136121 83.540504 0.017556 0.135530 0.990618 5.724984 0.000000 0.000000 0.000000 1.000000
0.998687 -0.040826 -0.030929 0.108403 0.034985 0.984779 -0.170252 83.141159 0.037409 0.168947 0.984915 6.870800 0.000000 0.000000 0.000000 1.000000
0.998287 -0.036471 -0.045759 0.733980 0.026485 0.978939 -0.202430 82.641510 0.052178 0.200871 0.978227 7.911293 0.000000 0.000000 0.000000 1.000000
0.998297 -0.035813 -0.046040 1.472896 0.024098 0.972035 -0.233594 82.134094 0.053118 0.232087 0.971244 8.763014 0.000000 0.000000 0.000000 1.000000
0.998443 -0.045062 -0.032886 2.355471 0.034715 0.963336 -0.266041 81.505386 0.043668 0.264485 0.963401 9.522861 0.000000 0.000000 0.000000 1.000000
0.998155 -0.058062 -0.017768 3.335878 0.050338 0.954907 -0.292605 80.582260 0.033956 0.291171 0.956068 10.135771 0.000000 0.000000 0.000000 1.000000
0.997932 -0.063181 -0.011863 4.303923 0.056590 0.950939 -0.304158 79.373985 0.030498 0.302858 0.952548 10.484694 0.000000 0.000000 0.000000 1.000000
0.998075 -0.059530 -0.017391 5.175977 0.051367 0.950624 -0.306065 78.174713 0.034753 0.304582 0.951852 10.646960 0.000000 0.000000 0.000000 1.000000
0.998199 -0.053381 -0.027368 5.872040 0.042245 0.949444 -0.311083 77.260674 0.042590 0.309366 0.949989 10.701129 0.000000 0.000000 0.000000 1.000000
0.998444 -0.044238 -0.033951 6.358948 0.030841 0.945300 -0.324741 76.561134 0.046460 0.323188 0.945193 10.500768 0.000000 0.000000 0.000000 1.000000
0.998595 -0.034467 -0.040248 7.020033 0.017750 0.933242 -0.358810 75.660912 0.049928 0.357591 0.932543 9.784159 0.000000 0.000000 0.000000 1.000000
0.996937 -0.059469 -0.050792 7.732469 0.034387 0.916622 -0.398273 75.334000 0.070242 0.395306 0.915860 9.440379 0.000000 0.000000 0.000000 1.000000
0.995370 -0.080248 -0.052904 7.976811 0.050542 0.905159 -0.422058 75.285736 0.081756 0.417430 0.905024 9.266993 0.000000 0.000000 0.000000 1.000000
0.994442 -0.092637 -0.050032 8.050264 0.061000 0.894270 -0.443351 75.210159 0.085813 0.437835 0.894951 8.940448 0.000000 0.000000 0.000000 1.000000
0.993649 -0.101878 -0.047771 8.131361 0.068049 0.882191 -0.465949 75.303772 0.089613 0.459739 0.883521 8.623131 0.000000 0.000000 0.000000 1.000000
0.992601 -0.111633 -0.047766 8.292780 0.073877 0.867429 -0.492046 75.654922 0.096362 0.484876 0.869258 8.381718 0.000000 0.000000 0.000000 1.000000
0.991731 -0.120165 -0.045050 8.442923 0.079630 0.851500 -0.518273 75.985535 0.100639 0.510400 0.854028 8.121198 0.000000 0.000000 0.000000 1.000000
0.991368 -0.126275 -0.035280 8.472206 0.087662 0.838486 -0.537826 75.957893 0.097495 0.530091 0.842317 7.835135 0.000000 0.000000 0.000000 1.000000
0.991266 -0.130075 -0.021736 8.377899 0.097217 0.832106 -0.546030 75.580536 0.089112 0.539148 0.837483 7.627278 0.000000 0.000000 0.000000 1.000000
0.991234 -0.131456 -0.013222 8.225071 0.102989 0.831490 -0.545910 75.183472 0.082757 0.539763 0.837739 7.556560 0.000000 0.000000 0.000000 1.000000
0.991440 -0.129817 -0.013945 8.060277 0.101348 0.832522 -0.544642 75.046127 0.082313 0.538567 0.838553 7.595123 0.000000 0.000000 0.000000 1.000000
0.991989 -0.125312 -0.015960 7.889318 0.096402 0.832604 -0.545415 75.165710 0.081635 0.539507 0.838014 7.677857 0.000000 0.000000 0.000000 1.000000
0.992689 -0.120368 -0.008913 7.698560 0.095827 0.830885 -0.548131 75.357727 0.073383 0.543270 0.836345 7.736196 0.000000 0.000000 0.000000 1.000000
0.993040 -0.117665 0.005193 7.502899 0.100989 0.827954 -0.551628 75.446274 0.060608 0.548313 0.834074 7.760308 0.000000 0.000000 0.000000 1.000000
0.993023 -0.116664 0.017175 7.349448 0.106670 0.826609 -0.552575 75.307846 0.050269 0.550552 0.833286 7.797334 0.000000 0.000000 0.000000 1.000000
0.993016 -0.115590 0.023642 7.261454 0.109572 0.829219 -0.548078 74.870766 0.043748 0.546840 0.836093 7.859673 0.000000 0.000000 0.000000 1.000000
0.992984 -0.114825 0.028249 7.220613 0.111879 0.834945 -0.538841 74.182663 0.038286 0.538221 0.841934 7.907559 0.000000 0.000000 0.000000 1.000000
0.992678 -0.115708 0.034665 7.203141 0.116482 0.841055 -0.528260 73.429688 0.031969 0.528430 0.848375 7.919898 0.000000 0.000000 0.000000 1.000000
0.992053 -0.118125 0.043323 7.199225 0.123344 0.845104 -0.520178 72.802513 0.024834 0.521388 0.852958 7.886721 0.000000 0.000000 0.000000 1.000000
0.991211 -0.120944 0.053610 7.208393 0.131181 0.846117 -0.516602 72.368279 0.017120 0.519094 0.854546 7.769490 0.000000 0.000000 0.000000 1.000000
0.990248 -0.123599 0.064284 7.230702 0.138991 0.844943 -0.516482 72.132835 0.009520 0.520380 0.853882 7.553971 0.000000 0.000000 0.000000 1.000000
0.989240 -0.126421 0.073632 7.265291 0.146263 0.843125 -0.517443 72.109962 0.003334 0.522645 0.852544 7.289082 0.000000 0.000000 0.000000 1.000000
0.988150 -0.129643 0.082166 7.317796 0.153473 0.842056 -0.517096 72.260666 -0.002150 0.523579 0.851975 7.034771 0.000000 0.000000 0.000000 1.000000
0.987072 -0.132472 0.090218 7.377816 0.160068 0.843436 -0.512829 72.525833 -0.008158 0.520641 0.853737 6.811924 0.000000 0.000000 0.000000 1.000000
0.986314 -0.134349 0.095574 7.398975 0.164326 0.848305 -0.503364 72.912926 -0.013449 0.512181 0.858772 6.598116 0.000000 0.000000 0.000000 1.000000
0.985857 -0.135420 0.098730 7.343710 0.166625 0.855153 -0.490867 73.421356 -0.017956 0.500375 0.865623 6.340559 0.000000 0.000000 0.000000 1.000000
0.985635 -0.134533 0.102103 7.208799 0.167206 0.862475 -0.477681 73.989044 -0.023797 0.487891 0.872580 6.000572 0.000000 0.000000 0.000000 1.000000
0.986199 -0.129222 0.103501 6.986098 0.162725 0.871791 -0.462063 74.593056 -0.030523 0.472528 0.880787 5.605870 0.000000 0.000000 0.000000 1.000000
0.988044 -0.117987 0.099236 6.648471 0.149948 0.885056 -0.440671 75.289207 -0.035836 0.450283 0.892167 5.253497 0.000000 0.000000 0.000000 1.000000
0.990876 -0.103000 0.086923 6.183245 0.129861 0.902227 -0.411245 76.167229 -0.036066 0.418781 0.907371 5.060989 0.000000 0.000000 0.000000 1.000000
0.994015 -0.087895 0.064881 5.631295 0.105904 0.921063 -0.374736 77.247086 -0.026822 0.379364 0.924859 5.020087 0.000000 0.000000 0.000000 1.000000
0.996559 -0.073649 0.038016 5.090691 0.082166 0.938071 -0.336559 78.366920 -0.010875 0.338525 0.940895 4.959105 0.000000 0.000000 0.000000 1.000000
0.997964 -0.062420 0.013126 4.631319 0.063497 0.952637 -0.297407 79.330063 0.006060 0.297635 0.954660 4.806365 0.000000 0.000000 0.000000 1.000000
0.998390 -0.055701 -0.010727 4.198651 0.051218 0.966477 -0.251592 80.045403 0.024381 0.250637 0.967774 4.609060 0.000000 0.000000 0.000000 1.000000
0.998244 -0.048330 -0.034254 3.693719 0.040506 0.978835 -0.200601 80.428009 0.043224 0.198861 0.979074 4.256747 0.000000 0.000000 0.000000 1.000000
0.997863 -0.036324 -0.054316 3.113629 0.027824 0.988329 -0.149774 80.485168 0.059122 0.147943 0.987227 3.675338 0.000000 0.000000 0.000000 1.000000
0.997129 -0.022354 -0.072346 2.511532 0.015154 0.995013 -0.098591 80.433456 0.074189 0.097211 0.992495 3.043164 0.000000 0.000000 0.000000 1.000000
0.995970 -0.008935 -0.089244 1.922380 0.004537 0.998771 -0.049362 80.490288 0.089576 0.048758 0.994786 2.472048 0.000000 0.000000 0.000000 1.000000
0.994766 0.002793 -0.102141 1.384923 -0.003927 0.999933 -0.010901 80.720825 0.102103 0.011245 0.994710 1.917705 0.000000 0.000000 0.000000 1.000000
0.993659 0.011863 -0.111808 0.927136 -0.010649 0.999878 0.011447 81.117393 0.111930 -0.010183 0.993664 1.416321 0.000000 0.000000 0.000000 1.000000
0.992690 0.018080 -0.119333 0.539015 -0.015654 0.999652 0.021230 81.677910 0.119675 -0.019207 0.992627 1.052283 0.000000 0.000000 0.000000 1.000000
0.992079 0.021005 -0.123848 0.201667 -0.018011 0.999519 0.025242 82.377998 0.124319 -0.022811 0.991980 0.793932 0.000000 0.000000 0.000000 1.000000
0.991682 0.022071 -0.126808 -0.092345 -0.018842 0.999469 0.026600 83.132248 0.127328 -0.023989 0.991571 0.571332 0.000000 0.000000 0.000000 1.000000
0.991361 0.023691 -0.129005 -0.334460 -0.020497 0.999451 0.026033 83.824158 0.129551 -0.023164 0.991302 0.382730 0.000000 0.000000 0.000000 1.000000
0.991397 0.025675 -0.128347 -0.502970 -0.022551 0.999414 0.025732 84.350700 0.128933 -0.022616 0.991395 0.241306 0.000000 0.000000 0.000000 1.000000
0.991975 0.027722 -0.123355 -0.591663 -0.024418 0.999304 0.028215 84.644218 0.124052 -0.024977 0.991961 0.143609 0.000000 0.000000 0.000000 1.000000
0.992885 0.031431 -0.114858 -0.611609 -0.027716 0.999044 0.033796 84.687492 0.115811 -0.030372 0.992807 0.087472 0.000000 0.000000 0.000000 1.000000
0.993830 0.037085 -0.104532 -0.570222 -0.032968 0.998622 0.040841 84.508774 0.105902 -0.037143 0.993683 0.059741 0.000000 0.000000 0.000000 1.000000
0.994760 0.042394 -0.093037 -0.488269 -0.038044 0.998120 0.048049 84.137474 0.094899 -0.044258 0.994503 0.067549 0.000000 0.000000 0.000000 1.000000
0.995659 0.045506 -0.081191 -0.388657 -0.041113 0.997641 0.054980 83.550659 0.083502 -0.051403 0.995181 0.179706 0.000000 0.000000 0.000000 1.000000
0.996425 0.046728 -0.070388 -0.256397 -0.042487 0.997258 0.060591 82.737892 0.073027 -0.057384 0.995678 0.415198 0.000000 0.000000 0.000000 1.000000
0.997071 0.046331 -0.060857 -0.079284 -0.042395 0.997021 0.064437 81.781616 0.063661 -0.061668 0.996064 0.689010 0.000000 0.000000 0.000000 1.000000
0.997498 0.044927 -0.054579 0.103268 -0.041142 0.996796 0.068593 80.795326 0.057486 -0.066176 0.996151 0.969573 0.000000 0.000000 0.000000 1.000000
0.997403 0.045333 -0.055971 0.252074 -0.041143 0.996419 0.073861 79.874565 0.059119 -0.071367 0.995697 1.289249 0.000000 0.000000 0.000000 1.000000
0.996771 0.048473 -0.064016 0.367476 -0.043465 0.996050 0.077428 79.167839 0.067516 -0.074395 0.994941 1.607003 0.000000 0.000000 0.000000 1.000000
0.996244 0.051039 -0.069956 0.456415 -0.045568 0.995936 0.077686 78.845840 0.073637 -0.074206 0.994521 1.855333 0.000000 0.000000 0.000000 1.000000
0.996428 0.050682 -0.067553 0.513770 -0.045583 0.996142 0.074984 78.878288 0.071093 -0.071637 0.994894 2.014707 0.000000 0.000000 0.000000 1.000000
0.997081 0.047841 -0.059507 0.534191 -0.043707 0.996663 0.068939 79.035881 0.062607 -0.066137 0.995845 2.075081 0.000000 0.000000 0.000000 1.000000
0.997762 0.042880 -0.051309 0.518170 -0.039789 0.997416 0.059810 79.245743 0.053741 -0.057634 0.996890 2.028629 0.000000 0.000000 0.000000 1.000000
0.998065 0.040080 -0.047546 0.472393 -0.037453 0.997790 0.054894 79.483673 0.049641 -0.053007 0.997360 1.884454 0.000000 0.000000 0.000000 1.000000
0.998350 0.037011 -0.043907 0.407665 -0.034821 0.998160 0.049632 79.748985 0.045663 -0.048022 0.997802 1.655343 0.000000 0.000000 0.000000 1.000000
0.998625 0.033796 -0.040074 0.330363 -0.032025 0.998516 0.044039 80.026131 0.041503 -0.042695 0.998226 1.350695 0.000000 0.000000 0.000000 1.000000
0.998890 0.030556 -0.035841 0.239788 -0.029182 0.998842 0.038244 80.292427 0.036968 -0.037155 0.998625 0.976770 0.000000 0.000000 0.000000 1.000000
0.999140 0.027366 -0.031153 0.145889 -0.026354 0.999126 0.032437 80.449242 0.032014 -0.031588 0.998988 0.587963 0.000000 0.000000 0.000000 1.000000
0.999363 0.024296 -0.026142 0.065812 -0.023593 0.999361 0.026860 80.542389 0.026777 -0.026227 0.999297 0.255711 0.000000 0.000000 0.000000 1.000000
0.999547 0.021470 -0.021073 0.027036 -0.021011 0.999543 0.021734 80.594109 0.021530 -0.021281 0.999542 0.093728 0.000000 0.000000 0.000000 1.000000
0.999685 0.019080 -0.016276 0.023309 -0.018800 0.999675 0.017217 80.610756 0.016599 -0.016906 0.999719 0.079499 0.000000 0.000000 0.000000 1.000000
0.999777 0.017332 -0.012030 0.019851 -0.017171 0.999763 0.013379 80.601776 0.012259 -0.013169 0.999838 0.066299 0.000000 0.000000 0.000000 1.000000
0.999828 0.016392 -0.008658 0.016568 -0.016301 0.999813 0.010402 80.590027 0.008827 -0.010259 0.999908 0.054184 0.000000 0.000000 0.000000 1.000000
0.999848 0.016203 -0.006359 0.013363 -0.016149 0.999834 0.008463 80.578995 0.006495 -0.008359 0.999944 0.043194 0.000000 0.000000 0.000000 1.000000
0.999854 0.016359 -0.004848 0.010315 -0.016324 0.999840 0.007314 80.568924 0.004967 -0.007233 0.999962 0.033344 0.000000 0.000000 0.000000 1.000000
0.999854 0.016687 -0.003741 0.007549 -0.016662 0.999840 0.006555 80.559952 0.003850 -0.006492 0.999972 0.024679 0.000000 0.000000 0.000000 1.000000
0.999850 0.017067 -0.002780 0.005191 -0.017050 0.999837 0.005928 80.552170 0.002880 -0.005880 0.999979 0.017228 0.000000 0.000000 0.000000 1.000000
0.999845 0.017494 -0.002000 0.003237 -0.017483 0.999832 0.005460 80.545616 0.002095 -0.005425 0.999983 0.011045 0.000000 0.000000 0.000000 1.000000
0.999839 0.017909 -0.001311 0.001762 -0.017902 0.999827 0.005073 80.540352 0.001401 -0.005049 0.999986 0.006172 0.000000 0.000000 0.000000 1.000000
0.999831 0.018380 -0.000655 0.000743 -0.018377 0.999820 0.004728 80.536385 0.000741 -0.004715 0.999989 0.002658 0.000000 0.000000 0.000000 1.000000
0.999824 0.018780 -0.000156 0.000164 -0.018779 0.999814 0.004476 80.533867 0.000240 -0.004472 0.999990 0.000532 0.000000 0.000000 0.000000 1.000000
0.999820 0.018948 0.000042 -0.000021 -0.018948 0.999811 0.004403 80.532974 0.000042 -0.004403 0.999990 0.000015 0.000000 0.000000 0.000000 1.000000</float_array>
        <technique_common>
          <accessor source="#mixamorig_Hips-Matrix-animation-output-transform-array" count="141" stride="16">
            <param type="float4x4"/>
          </accessor>
        </technique_common>
      </source>
      <source id="mixamorig_Hips-Interpolations">
        <Name_array id="mixamorig_Hips-Interpolations-array" count="141">
 LINEAR LINEAR LINEAR LINEAR LINEAR LINEAR LINEAR LINEAR LINEAR LINEAR LINEAR
LINEAR LINEAR LINEAR LINEAR LINEAR LINEAR LINEAR LINEAR LINEAR LINEAR LINEAR LINEAR
LINEAR LINEAR LINEAR LINEAR LINEAR LINEAR LINEAR LINEAR LINEAR LINEAR LINEAR LINEAR
LINEAR LINEAR LINEAR LINEAR LINEAR LINEAR LINEAR LINEAR LINEAR LINEAR LINEAR LINEAR
LINEAR LINEAR LINEAR LINEAR LINEAR LINEAR LINEAR LINEAR LINEAR LINEAR LINEAR LINEAR
LINEAR LINEAR LINEAR LINEAR LINEAR LINEAR LINEAR LINEAR LINEAR LINEAR LINEAR LINEAR
LINEAR LINEAR LINEAR LINEAR LINEAR LINEAR LINEAR LINEAR LINEAR LINEAR LINEAR LINEAR
LINEAR LINEAR LINEAR LINEAR LINEAR LINEAR LINEAR LINEAR LINEAR LINEAR LINEAR LINEAR
LINEAR LINEAR LINEAR LINEAR LINEAR LINEAR LINEAR LINEAR LINEAR LINEAR LINEAR LINEAR
LINEAR LINEAR LINEAR LINEAR LINEAR LINEAR LINEAR LINEAR LINEAR LINEAR LINEAR LINEAR
LINEAR LINEAR LINEAR LINEAR LINEAR LINEAR LINEAR LINEAR LINEAR LINEAR LINEAR LINEAR
LINEAR LINEAR LINEAR LINEAR LINEAR LINEAR LINEAR LINEAR LINEAR LINEAR</Name_array>
        <technique_common>
          <accessor source="#mixamorig_Hips-Interpolations-array" count="141">
            <param type="name"/>
          </accessor>
        </technique_common>
      </source>
      <sampler id="mixamorig_Hips-Matrix-animation-transform">
        <input semantic="INPUT" source="#mixamorig_Hips-Matrix-animation-input"/>
        <input semantic="OUTPUT" source="#mixamorig_Hips-Matrix-animation-output-transform"/>
        <input semantic="INTERPOLATION" source="#mixamorig_Hips-Interpolations"/>
      </sampler>
      <channel source="#mixamorig_Hips-Matrix-animation-transform" target="mixamorig_Hips/matrix"/>
    </animation>
    <animation id="mixamorig_Spine-anim" name="mixamorig_Spine">
      <source id="mixamorig_Spine-Matrix-animation-input">
        <float_array id="mixamorig_Spine-Matrix-animation-input-array" count="141">

0.000000 0.033333 0.066667 0.100000 0.133333 0.166667 0.200000 0.233333 0.266667 0.300000 0.333333 0.366667 0.400000 0.433333 0.466667 0.500000
0.533333 0.566667 0.600000 0.633333 0.666667 0.700000 0.733333 0.766667 0.800000 0.833333 0.866667 0.900000 0.933333 0.966667 1.000000 1.033333
1.066667 1.100000 1.133333 1.166667 1.200000 1.233333 1.266667 1.300000 1.333333 1.366667 1.400000 1.433333 1.466667 1.500000 1.533333 1.566667
1.600000 1.633333 1.666667 1.700000 1.733333 1.766667 1.800000 1.833333 1.866667 1.900000 1.933333 1.966667 2.000000 2.033333 2.066667 2.100000
2.133333 2.166667 2.200000 2.233333 2.266667 2.300000 2.333333 2.366667 2.400000 2.433333 2.466667 2.500000 2.533333 2.566667 2.600000 2.633333
2.666667 2.700000 2.733333 2.766667 2.800000 2.833333 2.866667 2.900000 2.933333 2.966667 3.000000 3.033333 3.066667 3.100000 3.133333 3.166667
3.200000 3.233333 3.266667 3.300000 3.333333 3.366667 3.400000 3.433333 3.466667 3.500000 3.533333 3.566667 3.600000 3.633333 3.666667 3.700000
3.733333 3.766667 3.800000 3.833333 3.866667 3.900000 3.933333 3.966667 4.000000 4.033333 4.066667 4.100000 4.133333 4.166667 4.200000 4.233333
4.266667 4.300000 4.333333 4.366667 4.400000 4.433333 4.466667 4.500000 4.533333 4.566667 4.600000 4.633333 4.666667</float_array>
        <technique_common>
          <accessor source="#mixamorig_Spine-Matrix-animation-input-array" count="141">
            <param name="TIME" type="float"/>
          </accessor>
        </technique_common>
      </source>
      <source id="mixamorig_Spine-Matrix-animation-output-transform">
        <float_array id="mixamorig_Spine-Matrix-animation-output-transform-array" count="2256">

0.999959 -0.007721 0.004785 0.000000 0.008806 0.953232 -0.302110 10.763900 -0.002229 0.302140 0.953261 1.243500 0.000000 0.000000 0.000000 1.000000
0.999959 -0.007721 0.004785 0.000000 0.008806 0.953232 -0.302111 10.763900 -0.002229 0.302141 0.953261 1.243500 0.000000 0.000000 0.000000 1.000000
0.999959 -0.007721 0.004785 0.000000 0.008806 0.953232 -0.302111 10.763900 -0.002229 0.302140 0.953261 1.243500 0.000000 0.000000 0.000000 1.000000
0.999959 -0.007721 0.004785 0.000000 0.008806 0.953232 -0.302111 10.763900 -0.002229 0.302141 0.953261 1.243500 0.000000 0.000000 0.000000 1.000000
0.999960 -0.007619 0.004753 -0.000000 0.008699 0.953233 -0.302112 10.763900 -0.002229 0.302141 0.953261 1.243500 0.000000 0.000000 0.000000 1.000000
0.999961 -0.007509 0.004753 0.000000 0.008595 0.953234 -0.302112 10.763900 -0.002262 0.302141 0.953261 1.243500 0.000000 0.000000 0.000000 1.000000
0.999961 -0.007387 0.004746 -0.000000 0.008476 0.953235 -0.302112 10.763900 -0.002292 0.302140 0.953261 1.243500 0.000000 0.000000 0.000000 1.000000
0.999963 -0.007229 0.004744 -0.000000 0.008324 0.953236 -0.302112 10.763900 -0.002339 0.302140 0.953261 1.243500 0.000000 0.000000 0.000000 1.000000
0.999965 -0.006914 0.004738 0.000000 0.008021 0.953361 -0.301727 10.763900 -0.002431 0.301754 0.953383 1.243500 0.000000 0.000000 0.000000 1.000000
0.999969 -0.006204 0.004759 0.000000 0.007348 0.953732 -0.300569 10.763900 -0.002674 0.300595 0.953748 1.243500 0.000000 0.000000 0.000000 1.000000
0.999975 -0.005047 0.004976 0.000000 0.006303 0.954356 -0.298604 10.763900 -0.003242 0.298628 0.954364 1.243500 0.000000 0.000000 0.000000 1.000000
0.999977 -0.003700 0.005764 -0.000000 0.005241 0.955127 -0.296152 10.763900 -0.004410 0.296175 0.955124 1.243500 0.000000 0.000000 0.000000 1.000000
0.999973 -0.002447 0.006858 -0.000000 0.004352 0.955922 -0.293588 10.763900 -0.005837 0.293610 0.955907 1.243500 0.000000 0.000000 0.000000 1.000000
0.999970 -0.001434 0.007644 0.000000 0.003599 0.956625 -0.291299 10.763900 -0.006894 0.291318 0.956602 1.243500 0.000000 0.000000 0.000000 1.000000
0.999969 -0.000793 0.007875 0.000000 0.003042 0.957036 -0.289953 10.763900 -0.007307 0.289968 0.957008 1.243500 0.000000 0.000000 0.000000 1.000000
0.999969 -0.000643 0.007842 0.000000 0.002889 0.957041 -0.289939 10.763900 -0.007319 0.289953 0.957013 1.243500 0.000000 0.000000 0.000000 1.000000
0.999969 -0.000854 0.007850 -0.000000 0.003102 0.956683 -0.291114 10.763900 -0.007262 0.291129 0.956656 1.243500 0.000000 0.000000 0.000000 1.000000
0.999967 -0.001155 0.008083 -0.000000 0.003476 0.955961 -0.293474 10.763900 -0.007388 0.293492 0.955933 1.243500 0.000000 0.000000 0.000000 1.000000
0.999963 -0.001156 0.008507 0.000000 0.003631 0.954862 -0.297029 10.763900 -0.007779 0.297048 0.954831 1.243500 0.000000 0.000000 0.000000 1.000000
0.999960 -0.000904 0.008846 0.000000 0.003528 0.953513 -0.301330 10.763900 -0.008162 0.301349 0.953479 1.243500 0.000000 0.000000 0.000000 1.000000
0.999960 -0.000697 0.008931 0.000000 0.003393 0.952152 -0.305605 10.763900 -0.008290 0.305623 0.952117 1.243500 0.000000 0.000000 0.000000 1.000000
0.999960 -0.000529 0.008891 0.000000 0.003254 0.950922 -0.309412 10.763900 -0.008291 0.309429 0.950886 1.243500 0.000000 0.000000 0.000000 1.000000
0.999961 -0.000379 0.008802 0.000000 0.003113 0.949815 -0.312796 10.763900 -0.008241 0.312811 0.949780 1.243500 0.000000 0.000000 0.000000 1.000000
0.999962 -0.000196 0.008684 0.000000 0.002928 0.948847 -0.315724 10.763900 -0.008178 0.315737 0.948811 1.243500 0.000000 0.000000 0.000000 1.000000
0.999963 0.000090 0.008552 0.000000 0.002633 0.948164 -0.317771 10.763900 -0.008138 0.317782 0.948129 1.243500 0.000000 0.000000 0.000000 1.000000
0.999965 0.000417 0.008409 -0.000000 0.002283 0.947929 -0.318474 10.763900 -0.008104 0.318482 0.947894 1.243500 0.000000 0.000000 0.000000 1.000000
0.999965 0.000591 0.008337 0.000000 0.002088 0.948208 -0.317643 10.763900 -0.008093 0.317649 0.948174 1.243500 0.000000 0.000000 0.000000 1.000000
0.999963 0.000347 0.008537 0.000000 0.002365 0.948915 -0.315523 10.763900 -0.008210 0.315532 0.948879 1.243500 0.000000 0.000000 0.000000 1.000000
0.999959 -0.000395 0.009045 0.000000 0.003201 0.949960 -0.312354 10.763900 -0.008469 0.312370 0.949923 1.243500 0.000000 0.000000 0.000000 1.000000
0.999953 -0.001256 0.009632 0.000000 0.004167 0.951216 -0.308497 10.763900 -0.008775 0.308523 0.951177 1.243500 0.000000 0.000000 0.000000 1.000000
0.999949 -0.001815 0.009925 0.000000 0.004751 0.952525 -0.304424 10.763900 -0.008901 0.304455 0.952485 1.243500 0.000000 0.000000 0.000000 1.000000
0.999947 -0.002164 0.010061 -0.000000 0.005086 0.953824 -0.300323 10.763900 -0.008946 0.300359 0.953784 1.243500 0.000000 0.000000 0.000000 1.000000
0.999944 -0.002690 0.010265 0.000000 0.005609 0.955146 -0.296084 10.763900 -0.009008 0.296125 0.955107 1.243500 0.000000 0.000000 0.000000 1.000000
0.999940 -0.003279 0.010499 0.000000 0.006200 0.956483 -0.291723 10.763900 -0.009086 0.291770 0.956445 1.243500 0.000000 0.000000 0.000000 1.000000
0.999938 -0.003452 0.010624 0.000000 0.006370 0.957470 -0.288463 10.763900 -0.009176 0.288513 0.957432 1.243500 0.000000 0.000000 0.000000 1.000000
0.999936 -0.002966 0.010892 0.000000 0.006009 0.956667 -0.291122 10.763900 -0.009556 0.291169 0.956624 1.243500 0.000000 0.000000 0.000000 1.000000
0.999933 -0.002282 0.011306 -0.000000 0.005556 0.954301 -0.298795 10.763900 -0.010107 0.298838 0.954250 1.243500 0.000000 0.000000 0.000000 1.000000
0.999935 -0.001941 0.011241 0.000000 0.005327 0.950836 -0.309649 10.763900 -0.010087 0.309689 0.950784 1.243500 0.000000 0.000000 0.000000 1.000000
0.999946 -0.002202 0.010185 0.000000 0.005362 0.946820 -0.321720 10.763900 -0.008935 0.321757 0.946780 1.243500 0.000000 0.000000 0.000000 1.000000
0.999959 -0.003201 0.008460 0.000000 0.005833 0.943029 -0.332659 10.763900 -0.006913 0.332694 0.943009 1.243500 0.000000 0.000000 0.000000 1.000000
0.999966 -0.004878 0.006697 0.000000 0.006864 0.940399 -0.340005 10.763900 -0.004639 0.340039 0.940400 1.243500 0.000000 0.000000 0.000000 1.000000
0.999967 -0.006629 0.004771 0.000000 0.007861 0.939726 -0.341839 10.763900 -0.002218 0.341865 0.939746 1.243500 0.000000 0.000000 0.000000 1.000000
0.999970 -0.007323 0.002440 0.000000 0.007717 0.941513 -0.336888 10.763900 0.000169 0.336896 0.941542 1.243500 0.000000 0.000000 0.000000 1.000000
0.999980 -0.006311 0.000740 -0.000000 0.006207 0.945180 -0.326492 10.763900 0.001361 0.326490 0.945200 1.243500 0.000000 0.000000 0.000000 1.000000
0.999991 -0.004079 0.000966 0.000000 0.004177 0.950494 -0.310716 10.763900 0.000350 0.310717 0.950502 1.243500 0.000000 0.000000 0.000000 1.000000
0.999995 -0.001839 0.002585 0.000000 0.002510 0.956927 -0.290317 10.763900 -0.001940 0.290322 0.956927 1.243500 0.000000 0.000000 0.000000 1.000000
0.999992 -0.000199 0.004029 0.000000 0.001268 0.963662 -0.267121 10.763900 -0.003830 0.267123 0.963655 1.243500 0.000000 0.000000 0.000000 1.000000
0.999988 0.001177 0.004712 0.000000 0.000002 0.970077 -0.242797 10.763900 -0.004857 0.242794 0.970066 1.243500 0.000000 0.000000 0.000000 1.000000
0.999983 0.002795 0.005059 0.000000 -0.001626 0.975970 -0.217899 10.763900 -0.005547 0.217887 0.975958 1.243500 0.000000 0.000000 0.000000 1.000000
0.999974 0.004879 0.005356 0.000000 -0.003780 0.982016 -0.188759 10.763900 -0.006181 0.188733 0.982009 1.243500 0.000000 0.000000 0.000000 1.000000
0.999962 0.006279 0.006057 0.000000 -0.005234 0.987202 -0.159389 10.763900 -0.006981 0.159351 0.987197 1.243500 0.000000 0.000000 0.000000 1.000000
0.999930 0.008281 0.008499 -0.000000 -0.007086 0.991205 -0.132142 10.763900 -0.009518 0.132073 0.991194 1.243500 0.000000 0.000000 0.000000 1.000000
0.999851 0.012141 0.012271 0.000000 -0.010737 0.994026 -0.108617 10.763900 -0.013516 0.108469 0.994008 1.243500 0.000000 0.000000 0.000000 1.000000
0.999758 0.016010 0.015088 0.000000 -0.014607 0.995934 -0.088898 10.763900 -0.016450 0.088656 0.995926 1.243500 0.000000 0.000000 0.000000 1.000000
0.999723 0.017544 0.015686 0.000000 -0.016343 0.997146 -0.073706 10.763900 -0.016935 0.073430 0.997157 1.243500 0.000000 0.000000 0.000000 1.000000
0.999741 0.017536 0.014518 0.000000 -0.016576 0.997826 -0.063787 10.763900 -0.015605 0.063530 0.997858 1.243500 0.000000 0.000000 0.000000 1.000000
0.999756 0.018015 0.012745 0.000000 -0.017227 0.998083 -0.059445 10.763900 -0.013792 0.059211 0.998150 1.243500 0.000000 0.000000 0.000000 1.000000
0.999746 0.019387 0.011480 0.000000 -0.018650 0.997956 -0.061131 10.763900 -0.012642 0.060901 0.998064 1.243500 0.000000 0.000000 0.000000 1.000000
0.999698 0.021690 0.011559 -0.000000 -0.020826 0.997310 -0.070280 10.763900 -0.013052 0.070018 0.997460 1.243500 0.000000 0.000000 0.000000 1.000000
0.999585 0.025517 0.013345 0.000000 -0.024242 0.995804 -0.088244 10.763900 -0.015540 0.087884 0.996009 1.243500 0.000000 0.000000 0.000000 1.000000
0.999403 0.030555 0.016128 -0.000000 -0.028621 0.993634 -0.108958 10.763900 -0.019355 0.108431 0.993916 1.243500 0.000000 0.000000 0.000000 1.000000
0.999229 0.035025 0.017728 0.000000 -0.032583 0.991858 -0.123114 10.763900 -0.021896 0.122441 0.992234 1.243500 0.000000 0.000000 0.000000 1.000000
0.999202 0.036916 0.015234 0.000000 -0.034610 0.990795 -0.130872 10.763900 -0.019925 0.130240 0.991282 1.243500 0.000000 0.000000 0.000000 1.000000
0.999321 0.036257 0.006614 0.000000 -0.034952 0.989251 -0.141990 10.763900 -0.011691 0.141662 0.989846 1.243500 0.000000 0.000000 0.000000 1.000000
0.999182 0.039667 0.007879 0.000000 -0.038080 0.988398 -0.147036 10.763900 -0.013620 0.146615 0.989100 1.243500 0.000000 0.000000 0.000000 1.000000
0.998977 0.043497 0.012343 -0.000000 -0.041214 0.988274 -0.147023 10.763900 -0.018594 0.146364 0.989056 1.243500 0.000000 0.000000 0.000000 1.000000
0.998831 0.046283 0.013968 0.000000 -0.043705 0.987975 -0.148311 10.763900 -0.020665 0.147527 0.988842 1.243500 0.000000 0.000000 0.000000 1.000000
0.998776 0.047685 0.013119 0.000000 -0.045180 0.987627 -0.150175 10.763900 -0.020117 0.149398 0.988572 1.243500 0.000000 0.000000 0.000000 1.000000
0.998791 0.047604 0.012284 -0.000000 -0.045218 0.987574 -0.150511 10.763900 -0.019296 0.149774 0.988532 1.243500 0.000000 0.000000 0.000000 1.000000
0.998838 0.046606 0.012301 0.000000 -0.044242 0.987721 -0.149830 10.763900 -0.019133 0.149112 0.988635 1.243500 0.000000 0.000000 0.000000 1.000000
0.998854 0.046084 0.012946 0.000000 -0.043626 0.987724 -0.149996 10.763900 -0.019700 0.149260 0.988602 1.243500 0.000000 0.000000 0.000000 1.000000
0.998852 0.045822 0.013993 0.000000 -0.043185 0.987555 -0.151227 10.763900 -0.020748 0.150449 0.988400 1.243500 0.000000 0.000000 0.000000 1.000000
0.998898 0.044578 0.014711 0.000000 -0.041794 0.987234 -0.153698 10.763900 -0.021375 0.152914 0.988008 1.243500 0.000000 0.000000 0.000000 1.000000
0.998955 0.043547 0.013898 0.000000 -0.040808 0.986580 -0.158094 10.763900 -0.020596 0.157362 0.987326 1.243500 0.000000 0.000000 0.000000 1.000000
0.998952 0.044132 0.012144 0.000000 -0.041578 0.985848 -0.162405 10.763900 -0.019139 0.161729 0.986650 1.243500 0.000000 0.000000 0.000000 1.000000
0.998933 0.044769 0.011348 0.000000 -0.042301 0.985513 -0.164240 10.763900 -0.018537 0.163585 0.986355 1.243500 0.000000 0.000000 0.000000 1.000000
0.998973 0.043850 0.011367 0.000000 -0.041381 0.985453 -0.164836 10.763900 -0.018429 0.164197 0.986255 1.243500 0.000000 0.000000 0.000000 1.000000
0.999048 0.042204 0.011048 0.000000 -0.039781 0.985251 -0.166424 10.763900 -0.017908 0.165826 0.985992 1.243500 0.000000 0.000000 0.000000 1.000000
0.999096 0.041156 0.010684 0.000000 -0.038757 0.984801 -0.169304 10.763900 -0.017489 0.168737 0.985506 1.243500 0.000000 0.000000 0.000000 1.000000
0.999118 0.040503 0.011065 0.000000 -0.037984 0.984212 -0.172869 10.763900 -0.017892 0.172297 0.984883 1.243500 0.000000 0.000000 0.000000 1.000000
0.999153 0.039318 0.012170 0.000000 -0.036549 0.983544 -0.176936 10.763900 -0.018927 0.176341 0.984147 1.243500 0.000000 0.000000 0.000000 1.000000
0.999198 0.037819 0.013129 -0.000000 -0.034814 0.982792 -0.181403 10.763900 -0.019764 0.180801 0.983321 1.243500 0.000000 0.000000 0.000000 1.000000
0.999236 0.036858 0.012971 0.000000 -0.033812 0.982024 -0.185704 10.763900 -0.019583 0.185123 0.982520 1.243500 0.000000 0.000000 0.000000 1.000000
0.999274 0.036223 0.011826 0.000000 -0.033325 0.981269 -0.189739 10.763900 -0.018478 0.189207 0.981763 1.243500 0.000000 0.000000 0.000000 1.000000
0.999320 0.035230 0.010918 0.000000 -0.032447 0.980485 -0.193898 10.763900 -0.017535 0.193412 0.980961 1.243500 0.000000 0.000000 0.000000 1.000000
0.999371 0.033817 0.010678 -0.000000 -0.031039 0.979749 -0.197809 10.763900 -0.017151 0.197353 0.980182 1.243500 0.000000 0.000000 0.000000 1.000000
